0.148 0382
0.142 0390
0.082 0225
0.067 0723
0.053 0390 0382
0.047 0298
0.046 0026
0.046 0083
0.043 0060
0.039 0137
0.037 0407
0.036 0234
0.033 0038
0.032 0025
0.032 0138
0.028 0105
0.026 0225 0407
0.025 0422
0.024 0011
0.024 0067
0.022 0088
0.022 0425
0.022 0723 0382
0.021 0245
0.021 0797
0.019 0284
0.019 0248
0.019 0526
0.018 0122
0.018 1832
0.018 0225 0382
0.018 0407 0382
0.017 0697
0.017 0880
0.016 0196
0.016 0286
0.016 1259
0.016 1832 0298
0.015 0237
0.015 0390 0425
0.014 0422 0382
0.014 0225 0407 0382
0.013 0032
0.013 0374
0.013 0881
0.013 0099
0.013 0284 0298
0.013 0083 0026
0.012 0007
0.012 0525
0.012 0473
0.012 1219
0.011 0174
0.011 0027
0.011 0299
0.011 0150
0.011 0973
0.011 1025
0.01 0078
0.01 0285
0.01 0211
0.01 0718
