0.123 0084
0.115 0397
0.111 0190
0.098 0025
0.073 0387
0.067 0481
0.057 0105
0.049 0397 0190
0.046 0479
0.042 0036
0.041 0028
0.04 0060
0.04 0188
0.036 0317
0.033 0067
0.032 0389
0.026 0000
0.025 0610
0.024 0006
0.022 0376
0.022 0374
0.021 0021
0.02 0026
0.02 0234
0.019 0082
0.019 0590
0.018 0088
0.018 0621
0.018 0387 0084
0.017 0255
0.017 0096
0.017 0764
0.016 0591
0.016 0104
0.016 0025 0397
0.015 0191
0.015 0395
0.015 0481 0397
0.014 0250
0.014 0767
0.014 0784
0.014 0909
0.014 0034
0.014 0105 0397
0.013 0294
0.013 0174
0.013 0418
0.013 0416
0.013 0488
0.013 1076
0.013 0028 0255
0.012 0039
0.012 0183
0.012 0524
0.012 0390
0.012 0676
0.012 0686
0.012 0105 0190
0.012 0764 0387
0.011 0035
0.011 0193
0.011 0490
0.011 0594
0.011 0625
0.011 0443
0.011 0889
0.011 0036 0084
0.011 0082 0084
0.011 0025 0084
0.011 0084 0784
0.011 0025 0190
0.01 0308
0.01 0457
0.01 0467
0.01 0027
0.01 0205
0.01 1010
0.01 1183
0.01 0025 0105
