0.19 0038
0.156 0105
0.101 0317
0.101 0390
0.059 0066
0.053 0253
0.052 0548
0.048 0031
0.047 0067
0.047 0105 0038
0.043 0441
0.036 0359
0.036 0448
0.034 0028
0.034 0400
0.032 0129
0.03 0122
0.029 0447
0.028 0025
0.026 0060
0.025 0757
0.024 0026
0.024 0389
0.023 0234
0.023 0038 0066
0.023 0400 0066
0.022 0194
0.022 0233
0.021 0105 0253
0.021 0317 0038
0.021 0038 0548
0.019 0282
0.019 0190
0.019 0716
0.019 0317 0448
0.019 0105 0390
0.018 0007
0.018 0559
0.018 0390 0129
0.017 0554
0.016 0096
0.016 0158
0.016 0276
0.016 0338
0.016 0400 0038
0.015 0149
0.015 1044
0.015 0105 0441
0.015 0253 0390
0.015 0400 0038 0066
0.014 0497
0.014 0509
0.014 0473
0.014 0547
0.014 0563
0.014 0152
0.014 1048
0.014 0038 0441
0.013 0150
0.013 0651
0.013 0137
0.013 1889
0.012 0537
0.012 0601
0.012 0731
0.012 0792
0.012 0858
0.012 1022
0.012 0253 0038
0.011 0404
0.011 0036
0.011 0092
0.011 0934
0.011 0627
0.011 0067 0390
0.01 0027
0.01 0030
0.01 0164
0.01 0435
0.01 0443
0.01 0472
0.01 0211
0.01 0600
0.01 0797
0.01 0353
0.01 0105 0066
0.01 0105 0317
0.01 0038 0359
0.01 0317 0390
