0.062 0181
0.061 0018
0.044 0418
0.036 0177
0.035 0088
0.034 0248
0.033 0234
0.031 0149
0.03 0362
0.029 0003
0.029 0374
0.029 0390
0.027 0066
0.027 0543
0.027 0838
0.025 0325
0.025 0479
0.023 1261
0.022 0098
0.02 0134
0.02 0006 0326
0.019 0116
0.019 0453
0.018 0272
0.018 0118
0.017 0626
0.017 1129
0.017 0056
0.016 0122
0.016 0330
0.016 0006 0060
0.015 0040
0.015 0180
0.015 0627
0.015 0721
0.015 0827
0.015 0987
0.015 0748
0.014 0946
0.014 0755
0.014 0439 0323
0.013 0045
0.013 0299
0.013 1029
0.012 0544
0.012 0245
0.012 0174
0.012 0525
0.012 0067 0006
0.012 0288 0006
0.011 0244
0.011 0661
0.011 0722
0.011 1585
0.011 0829
0.011 0559
0.011 0025 0006
0.011 0288 0164 0436
0.01 0027
0.01 0247
0.01 0332
0.01 1908
0.01 2042
0.01 0093
0.01 2160
0.01 0393
0.01 0067 0060
0.01 0678 0967
