0.068 0118
0.053 0458
0.051 0390
0.044 0298
0.041 0387
0.035 0442
0.034 0093
0.034 0152
0.029 0752
0.027 0474
0.027 0374
0.026 0025
0.026 0576
0.025 1201
0.024 0563
0.023 0045
0.021 0003
0.021 0495
0.02 0258
0.02 1263
0.019 0174
0.019 0338
0.019 0617
0.019 0942
0.018 0339
0.018 0078
0.018 0416
0.017 0096
0.016 0117
0.016 0181
0.016 0745
0.016 0755
0.016 0180
0.016 0441
0.016 0425
0.015 0487
0.015 0830
0.015 1835
0.014 0415
0.014 0526
0.013 0488
0.013 0038
0.013 0501
0.013 0473 0248
0.012 0009
0.012 0098
0.012 0499
0.012 0619
0.012 0655
0.012 1119
0.012 2478
0.012 1836 0496
0.011 0149
0.011 1650
0.011 0832 0248
0.01 0370
0.01 0043
0.01 1083
0.01 1113
0.01 0317 0448
