0.599 0038
0.515 0105
0.336 0317
0.331 0390
0.118 0066
0.077 0253
0.069 0548
0.037 0031
0.028 0105 0038
0.018 0067
-0.009 0441
-0.079 0359
-0.081 0448
-0.102 0400
-0.109 0028
-0.126 0129
-0.154 0122
-0.166 0447
-0.203 0025
-0.225 0757
-0.238 0060
-0.253 0026
-0.253 0389
-0.258 0038 0066
-0.258 0400 0066
-0.269 0234
-0.277 0194
-0.277 0233
-0.294 0105 0253
-0.294 0317 0038
-0.294 0038 0548
-0.334 0282
-0.334 0716
-0.334 0105 0390
-0.339 0317 0448
-0.357 0390 0129
-0.362 0007
-0.362 0559
-0.374 0190
-0.378 0554
-0.404 0158
-0.404 0276
-0.404 0400 0038
-0.409 0096
-0.409 0338
-0.431 1044
-0.431 0105 0441
-0.431 0253 0390
-0.431 0400 0038 0066
-0.448 0149
-0.457 0497
-0.457 0509
-0.457 0547
-0.457 1048
-0.457 0038 0441
-0.469 0563
-0.469 0152
-0.481 0473
-0.488 0651
-0.488 1889
-0.494 0150
-0.501 0137
-0.518 0537
-0.518 0601
-0.518 0731
-0.518 0792
-0.518 0858
-0.518 1022
-0.518 0253 0038
-0.554 0404
-0.554 0092
-0.554 0934
-0.554 0067 0390
-0.562 0627
-0.577 0036
-0.59 0030
-0.59 0435
-0.59 0472
-0.59 0600
-0.59 0353
-0.59 0105 0066
-0.59 0105 0317
-0.59 0038 0359
-0.59 0317 0390
-0.599 0027
-0.599 0443
-0.599 0211
-0.599 0797
-0.607 0164
