0.629 0382
0.606 0390
0.387 0225
0.305 0723
0.211 0390 0382
0.156 0298
0.153 0083
0.149 0026
0.106 0060
0.084 0137
0.066 0407
0.047 0234
0.007 0138
-0.018 0025
-0.029 0038
-0.076 0225 0407
-0.091 0422
-0.094 0105
-0.107 0011
-0.132 0067
-0.144 0723 0382
-0.148 0425
-0.157 0088
-0.167 0245
-0.167 0797
-0.202 0284
-0.207 0526
-0.223 1832
-0.223 0225 0382
-0.223 0407 0382
-0.24 0122
-0.243 0248
-0.246 0697
-0.246 0880
-0.27 0196
-0.27 0286
-0.27 1259
-0.27 1832 0298
-0.295 0237
-0.295 0390 0425
-0.322 0422 0382
-0.322 0225 0407 0382
-0.355 0032
-0.355 0881
-0.355 0099
-0.355 0284 0298
-0.355 0083 0026
-0.37 0374
-0.387 1219
-0.395 0525
-0.403 0007
-0.419 0473
-0.421 0973
-0.421 1025
-0.43 0174
-0.43 0027
-0.43 0299
-0.43 0150
-0.459 0285
-0.459 0718
-0.469 0078
-0.469 0211
