0.58 0006
0.376 0060
0.224 0067
0.202 0025
0.155 0181
0.15 0018
0.016 0418
0.009 0323
-0.063 0177
-0.076 0088
-0.085 0439
-0.103 0234
-0.105 0248
-0.11 0288
-0.125 0149
-0.136 0362
-0.152 0003
-0.155 0374
-0.176 0390
-0.178 0543
-0.178 0838
-0.194 0066
-0.209 0325
-0.223 0479
-0.242 1261
-0.26 0326
-0.26 0436
-0.264 0098
-0.299 0134
-0.299 0006 0326
-0.319 0116
-0.319 0453
-0.324 0164
-0.34 0272
-0.34 0678
-0.364 0118
-0.364 0626
-0.364 0967
-0.364 1129
-0.364 0056
-0.387 0330
-0.387 0006 0060
-0.404 0122
-0.412 0040
-0.412 0721
-0.412 0827
-0.412 0987
-0.412 0748
-0.418 0180
-0.418 0627
-0.442 0946
-0.442 0164 0436
-0.442 0439 0323
-0.448 0755
-0.47 1029
-0.477 0299
-0.483 0045
-0.504 0544
-0.504 0067 0006
-0.504 0288 0006
-0.504 0288 0436
-0.511 0245
-0.511 0174
-0.511 0525
-0.538 0244
-0.538 0661
-0.538 0722
-0.538 1585
-0.538 0829
-0.538 0025 0006
-0.538 0288 0164
-0.538 0288 0164 0436
-0.553 0559
-0.574 0247
-0.574 0332
-0.574 1908
-0.574 2042
-0.574 2160
-0.574 0393
-0.574 0067 0060
-0.574 0678 0967
-0.583 0027
-0.592 0093
