0.454 0248
0.241 0118
0.235 0473
0.149 0317
0.141 0458
0.11 0390
0.061 0298
0.025 0387
-0.026 0442
-0.04 0093
-0.04 0152
-0.101 0752
-0.129 0474
-0.129 0832
-0.136 0374
-0.144 0576
-0.16 1201
-0.172 0025
-0.181 0563
-0.198 0045
-0.23 0495
-0.238 0003
-0.243 0448
-0.249 0258
-0.249 1263
-0.27 0617
-0.27 0942
-0.275 0174
-0.275 0338
-0.292 0339
-0.297 0078
-0.297 0416
-0.321 0096
-0.34 0117
-0.34 0745
-0.346 0755
-0.346 0180
-0.346 0425
-0.363 0441
-0.364 0487
-0.364 0830
-0.364 1835
-0.368 0181
-0.392 0415
-0.392 0496
-0.392 1836
-0.398 0526
-0.422 0501
-0.422 0473 0248
-0.429 0488
-0.454 0009
-0.454 0499
-0.454 0619
-0.454 0655
-0.454 1119
-0.454 2478
-0.454 1836 0496
-0.47 0098
-0.49 1650
-0.49 0832 0248
-0.514 0149
-0.529 0370
-0.529 0043
-0.529 1083
-0.529 1113
-0.534 0038
-0.547 0317 0448
