0.497 0084
0.47 0397
0.453 0190
0.399 0025
0.28 0387
0.25 0481
0.162 0105
0.123 0397 0190
0.094 0479
0.059 0036
0.044 0028
0.042 0188
0.021 0060
-0.024 0317
-0.052 0067
-0.054 0389
-0.131 0000
-0.148 0610
-0.199 0376
-0.207 0374
-0.218 0021
-0.219 0006
-0.25 0026
-0.25 0234
-0.257 0082
-0.257 0590
-0.28 0621
-0.28 0387 0084
-0.295 0088
-0.301 0255
-0.301 0764
-0.307 0096
-0.326 0591
-0.326 0104
-0.326 0025 0397
-0.353 0191
-0.353 0395
-0.353 0481 0397
-0.378 0250
-0.378 0767
-0.378 0784
-0.378 0909
-0.378 0034
-0.378 0105 0397
-0.409 0294
-0.409 1076
-0.409 0028 0255
-0.416 0174
-0.416 0416
-0.416 0488
-0.437 0418
-0.442 0039
-0.442 0183
-0.442 0524
-0.442 0676
-0.442 0686
-0.442 0105 0190
-0.442 0764 0387
-0.474 0035
-0.474 0193
-0.474 0490
-0.474 0594
-0.474 0625
-0.474 0889
-0.474 0036 0084
-0.474 0082 0084
-0.474 0025 0084
-0.474 0084 0784
-0.474 0025 0190
-0.483 0443
-0.509 0390
-0.513 0308
-0.513 0457
-0.513 0467
-0.513 0205
-0.513 1010
-0.513 1183
-0.513 0025 0105
-0.523 0027
